28
83
86
89
77
46
98
74
60
60
39
2
25
37
37
2
38
70
5
21
30
31
76
26
56
84
47
37
95
84
46
41
65
71
90
67
49
4
22
40
55
67
79
63
10
84
6
19
36
96
38
90
37
30
94
96
7
61
33
93
98
62
78
75
15
98
37
54
47
69
53
34
48
64
65
63
52
14
16
71
78
29
1
99
46
56
5
35
77
94
60
88
71
28
42
93
88
4
48
11
48
52
72
66
43
4
42
72
65
31
45
93
45
61
15
69
61
79
29
59
93
3
76
52
10
65
63
20
23
71
74
48
65
6
24
27
57
35
57
43
14
33
69
46
49
67
43
10
14
72
33
10
74
89
18
46
75
20
57
77
41
22
49
94
57
96
29
40
38
88
13
26
23
86
46
61
33
31
4
43
22
53
7
50
38
65
73
75
87
77
51
38
78
79
2
91
83
75
89
52
38
4
72
25
60
8
86
88
44
56
14
45
16
14
56
87
15
99
56
91
24
53
52
60
37
74
48
44
85
54
78
57
41
51
5
18
81
82
90
31
78
85
32
32
64
7
22
64
23
15
76
83
19
98
29
85
52
12
87
85
59
43
3
89
78
56
4
65
10
38
7
33
10
26
13
38
21
21
95
31
52
83
21
71
77
94
39
43
23
19
66
69
94
5
71
35
82
42
53
9
3
57
54
85
8
44
74
93
85
90
65
32
16
57
33
75
23
32
13
84
18
61
43
91
72
37
39
5
54
77
56
78
67
87
29
95
30
35
63
34
20
45
58
32
54
34
53
37
71
96
13
50
30
69
91
42
15
63
14
71
5
69
40
8
34
86
65
29
29
38
46
87
69
78
64
72
3
11
38
38
84
2
34
58
65
6
49
98
96
87
81
67
22
91
29
50
5
50
97
67
69
25
9
34
50
25
80
51
5
19
39
5
26
75
87
4
36
82
42
29
37
66
32
42
57
79
65
77
50
15
67
53
13
70
68
59
92
1
8
41
26
98
94
78
48
77
42
46
5
26
15
23
8
69
30
3
92
67
76
71
59
3
1
89
51
86
91
55
8
28
11
36
74
2
3
39
72
54
93
80
38
20
73
25
1
45
45
43
40
65
67
25
24
37
81
23
97
5
27
62
85
86
39
77
15
79
48
6
66
91
31
39
74
96
33
40
30
76
89
7
41
48
15
42
61
86
12
38
21
80
41
68
27
31
94
51
80
95
10
22
96
39
77
49
35
28
51
28
4
42
92
21
16
21
22
37
71
97
17
29
67
10
85
86
50
62
12
43
2
81
59
34
66
67
10
2
71
66
7
33
35
84
35
79
87
20
53
7
10
57
80
82
79
81
54
87
54
90
98
72
17
8
26
22
82
59
55
48
12
20
66
5
91
84
93
83
75
6
98
30
10
6
33
44
2
77
55
84
14
23
48
80
68
34
16
28
58
13
97
29
65
5
94
90
91
75
91
95
88
71
12
48
91
68
62
12
74
81
20
6
4
70
35
89
72
85
37
57
68
66
25
63
9
70
65
5
11
43
53
27
85
60
96
42
11
99
89
99
71
5
53
77
93
92
25
95
70
6
19
7
38
35
27
22
46
49
40
21
4
58
1
32
29
92
20
44
73
92
78
72
96
38
85
63
14
48
70
17
46
69
35
5
25
47
89
50
33
74
95
62
60
68
95
14
4
21
49
1
72
80
22
78
28
46
10
99
49
64
9
98
78
23
75
34
23
96
8
81
4
70
12
98
96
16
13
28
43
71
59
92
98
70
44
65
48
56
76
79
37
89
1
68
66
97
84
37
92
61
90
8
14
67
96
3
69
23
82
13
33
82
57
78
6
16
1
9
78
10
86
67
21
28
45
14
69
43
33
99
32
75
36
81
81
51
79
32
73
42
96
26
74
63
46
55
33
23
63
50
96
75
58
82
75
24
87
85
22
82
34
26
90
82
81
58
47
75
96
54
37
69
36
37
14
61
92
57
82
90
81
46
80
82
3
56
17
53
7
57
64
93
10
90
9
70
35
91
82
87
9
57
26
10
14
28
39
22
69
14
31
31
3
32
2
87
46
8
80
25
41
93
68
40
89
43
60
46
28
43
26
1
75
95
82
24
20
70
69
74
18
95
83
92
26
34
90
77
89
21
25
28
12
57
46
15
89
86
20
70
68
93
93
26
88
31
56
8
50
77
68
75
39
6
8
46
11
75
14
56
53
82
57
8
19
98
88
18
49
68
35
34
51
99
7
24
2
58
5
95
77
83
