91
90
21
29
85
38
90
68
58
26
14
81
81
92
49
83
71
2
61
72
32
70
86
11
28
72
3
77
20
38
30
33
6
12
67
66
11
78
11
47
41
31
37
72
96
67
96
50
11
46
14
7
97
91
91
21
4
10
1
13
35
13
49
20
95
81
76
69
26
83
73
93
90
15
32
1
34
15
15
61
76
53
67
74
25
24
35
14
20
46
62
1
77
97
13
28
82
17
76
15
91
27
24
28
73
21
16
83
59
90
87
89
95
40
37
82
46
74
95
72
47
62
50
80
21
72
16
92
2
5
19
17
38
99
70
49
29
39
2
5
8
52
54
29
59
73
6
38
61
30
81
9
21
5
68
29
77
44
8
1
5
24
81
55
72
70
52
95
70
87
54
8
73
91
64
95
8
22
22
48
67
77
32
72
23
10
95
34
32
41
72
84
32
1
99
84
70
99
56
88
21
10
68
73
76
74
35
30
40
73
22
56
23
60
34
28
92
10
33
63
74
18
64
29
16
69
76
73
92
80
25
8
65
33
27
57
10
58
95
49
74
66
94
59
20
17
61
72
66
72
91
61
67
93
14
4
46
40
58
8
98
62
37
59
48
14
90
89
33
77
18
34
15
83
88
8
24
5
10
98
8
4
7
21
88
64
41
71
19
24
12
70
99
87
50
12
29
35
11
6
26
71
39
89
54
58
46
83
6
6
79
41
30
60
99
94
56
17
70
84
73
20
71
10
66
48
35
27
34
76
79
88
94
5
72
36
65
18
67
31
18
57
66
13
44
70
40
40
88
56
56
13
65
27
33
7
1
29
24
6
23
20
50
29
27
90
47
26
87
63
29
39
50
39
66
16
53
58
65
95
8
94
39
78
21
67
24
68
71
65
35
36
93
61
8
97
8
37
86
54
24
15
53
25
27
17
62
26
60
17
53
43
64
28
97
29
81
72
9
60
66
78
54
22
28
93
45
89
31
68
8
17
71
11
72
93
42
14
51
4
5
97
8
55
13
92
72
66
63
79
17
36
28
26
87
45
60
31
97
34
72
73
94
91
9
37
71
53
55
5
86
68
21
6
56
68
71
99
10
36
21
79
26
52
52
72
88
46
24
28
34
12
17
18
32
32
4
17
46
75
21
19
11
59
92
49
16
23
70
19
74
60
21
61
13
92
47
43
39
37
48
26
30
28
70
75
51
3
74
24
65
54
53
35
15
3
68
67
59
4
56
66
75
5
54
73
90
55
6
39
85
60
77
9
28
94
89
82
88
17
97
13
49
46
54
20
7
86
46
11
25
79
83
36
80
82
50
26
74
97
85
96
97
36
39
6
76
45
8
21
13
86
79
42
6
44
18
29
50
34
66
4
9
94
14
6
76
42
28
45
45
64
8
91
32
2
16
13
8
48
43
62
79
26
97
38
1
42
31
37
64
21
75
41
31
81
87
3
22
33
29
35
17
62
75
49
78
87
11
5
29
5
22
3
90
4
25
83
97
76
6
35
12
91
80
24
88
67
60
50
14
13
91
74
19
9
46
18
50
49
60
13
31
26
9
60
99
73
51
28
57
5
6
46
28
94
24
26
81
52
60
12
28
61
90
16
13
48
83
82
58
7
33
48
16
93
5
85
82
21
25
16
17
33
92
10
8
46
46
25
84
21
37
98
88
49
84
69
36
92
47
51
89
69
69
51
71
57
30
35
90
39
43
60
28
45
94
95
68
80
9
67
2
59
97
38
70
34
60
67
9
35
49
89
73
73
26
48
63
42
38
50
16
12
34
46
77
76
71
44
54
89
2
55
84
80
50
31
71
32
80
38
97
63
26
56
89
53
86
54
19
47
32
27
42
58
51
89
25
52
60
94
63
17
13
19
33
94
6
93
24
95
76
32
61
1
53
53
85
78
56
24
89
18
25
7
58
74
13
26
29
60
7
20
71
86
74
80
50
8
23
95
48
93
31
24
71
1
65
42
6
97
4
47
95
37
6
46
91
7
61
59
81
79
65
63
88
56
60
75
26
72
4
78
56
61
75
96
87
2
36
57
10
71
20
31
56
60
25
35
80
29
89
44
46
64
14
68
28
67
35
15
41
89
16
33
94
26
91
34
61
10
59
89
70
4
50
11
59
34
7
29
32
25
94
97
82
60
32
91
48
8
68
20
66
22
17
20
55
87
37
31
69
90
74
71
70
99
73
43
15
3
9
93
60
6
82
16
94
18
50
35
93
99
85
54
41
39
24
48
86
30
55
72
97
76
60
41
51
24
